0
16
-16
256
272
272
256
0
0
0
12
268
249
0
0
0
1
1
2
4
2
0
6
24
-25
0
120
0
-25
-25
2
2
2
2
2
36
0
0
127
137
-1
-121
0
100
300
0
100
200
0
1
36
2
1
36
0
0
127
137
-1
-121
0
100
300
0
100
200
0
2
36
2
2
0
0
147
148
149
311
161
-15465
311
311
161
-15465
161
-15465
0
158
168
0
163
0
326
652
0
1304
0
652
0
12
0
14
0
103
0
1407
1407
0
103
0
-1304
0
-1300
0
0
0
0
0
0
0
-3240
-3240
-1292
4
12
12
664
660
-8
8
0
12
648
644
96
0
144
156
7728
7740
0
12
156
168
7728
7740
12
0
172
160
7728
7716
0
0
172
2064
7720
27104
