000000000000000000000
010010000000100000000
010110001000100000001
100000001111100000001
000010001000000000011
001000001000000000100
000110100000000000101
000100101000000000110
000000000000000000000
010100101000001110111
011000111000011001000
001011000000000011001
011011000111101011010
001111000000000011000
011110000000100000000
011110001000100000001
010010000000000010000
010010001000000010001
001100000000000010000
011100001000000100001
011110001000000011011
000000000000000000000
100000000000000110000
010000000000000010001
100010001000000000001
011110000000100000000
010010000011110000000
000000000000000000000
100100000000000010000
100110000000000001111
010011101000000101101
010011101000000001101
010011101000000001101
010011101000000001101
010011101000000001101
010011110001001001110
000000000000000000000
011110000000100000000
010010000011111110000
010010000000010100000
011110001000100000001
010110001011110000001
011110010000100000010
010010010011001000010
100000010000000110010
011110011000100000011
010010011011001000011
011100011000000010011
000000000000000000000
010011100000000011100
010011110000000001110
010011101000000001101
010011100000000001100
101001100000011011110
000000000000000000000
010010000000010100000
010010000000000010001
010010000000000100010
010010011011011110011
010110100011011110100
010000100000000110101
100100000000000110000
100110000000000000110
100100001000001000000
100100010000001010000
100110001000000000111
100110010000000001000
000000000000000000000
010010001000010100001
010010001000010100001
000000000000000000000
010110001000001010001
000000000000000000000
100000001000000100001
100000001000000100001
000000000000000000000
011100001000000010000
000000000000000000000
011110000000000010010
000000000000000000000
010100010011111110011
000000000000000000000
011000011000010100100
000000000000000000000
011010011011010110101
000000000000000000000
000010101000000000110
000010101000000000110
000000000000000000000
000100110000001010000
000000000000000000000
000110000000001100000
000000000000000000000
001000000000000110001
000000000000000000000
001010001000000010001
000000000000000000000
001100001000000100001
000000000000000000000
001110011000000110100
000000000000000000000
010000101000000000111
010000101000000000111
000010000000000110000
000100000000000110000
000010001000000110001
001000001000000110001
000010010000000110010
001010010000000110010
000110000000000110000
000100000000000110000
000110001000000110001
001000001000000110001
000110010000000110010
001010010000000110010
010000000000000110000
000100000000000110000
010000001000000110001
001000001000000110001
010000010000000110010
001010010000000110010
000100000000000110000
000010000000000110000
001000001000000110001
000010001000000110001
001010010000000110010
000010010000000110010
000100000000000110000
000110000000000110000
001000001000000110001
000110001000000110001
001010010000000110010
000110010000000110010
000100000000000110000
010000000000000110000
001000001000000110001
010000001000000110001
001010010000000110010
010000010000000110010
